(kicad_pcb (version 20171130) (host pcbnew "(5.1.10)-1")

  (general
    (thickness 1.6)
    (drawings 10)
    (tracks 274)
    (zones 0)
    (modules 35)
    (nets 36)
  )

  (page A4)
  (layers
    (0 F.Cu signal)
    (31 B.Cu signal)
    (32 B.Adhes user)
    (33 F.Adhes user)
    (34 B.Paste user)
    (35 F.Paste user)
    (36 B.SilkS user)
    (37 F.SilkS user)
    (38 B.Mask user)
    (39 F.Mask user)
    (40 Dwgs.User user)
    (41 Cmts.User user)
    (42 Eco1.User user)
    (43 Eco2.User user)
    (44 Edge.Cuts user)
    (45 Margin user)
    (46 B.CrtYd user)
    (47 F.CrtYd user)
    (48 B.Fab user)
    (49 F.Fab user)
  )

  (setup
    (last_trace_width 0.25)
    (user_trace_width 1.4)
    (user_trace_width 1.4)
    (user_trace_width 1.6)
    (trace_clearance 0.2)
    (zone_clearance 0.508)
    (zone_45_only no)
    (trace_min 0.2)
    (via_size 0.8)
    (via_drill 0.4)
    (via_min_size 0.4)
    (via_min_drill 0.3)
    (uvia_size 0.3)
    (uvia_drill 0.1)
    (uvias_allowed no)
    (uvia_min_size 0.2)
    (uvia_min_drill 0.1)
    (edge_width 0.05)
    (segment_width 0.2)
    (pcb_text_width 0.3)
    (pcb_text_size 1.5 1.5)
    (mod_edge_width 0.12)
    (mod_text_size 1 1)
    (mod_text_width 0.15)
    (pad_size 1.524 1.524)
    (pad_drill 0.762)
    (pad_to_mask_clearance 0)
    (aux_axis_origin 0 0)
    (visible_elements 7FFFFFFF)
    (pcbplotparams
      (layerselection 0x010fc_ffffffff)
      (usegerberextensions false)
      (usegerberattributes true)
      (usegerberadvancedattributes true)
      (creategerberjobfile true)
      (excludeedgelayer false)
      (linewidth 0.100000)
      (plotframeref true)
      (viasonmask false)
      (mode 1)
      (useauxorigin false)
      (hpglpennumber 1)
      (hpglpenspeed 20)
      (hpglpendiameter 15.000000)
      (psnegative false)
      (psa4output false)
      (plotreference true)
      (plotvalue true)
      (plotinvisibletext false)
      (padsonsilk false)
      (subtractmaskfromsilk false)
      (outputformat 4)
      (mirror false)
      (drillshape 2)
      (scaleselection 1)
      (outputdirectory "../../../c# proje/pcb için/C# Sera PCB PDF/"))
  )

  (net 0 "")
  (net 1 GND)
  (net 2 "Net-(C1-Pad2)")
  (net 3 "Net-(C3-Pad1)")
  (net 4 "Net-(J2-Pad2)")
  (net 5 "Net-(J4-Pad2)")
  (net 6 "Net-(J5-Pad2)")
  (net 7 "Net-(J6-Pad2)")
  (net 8 "Net-(J10-Pad1)")
  (net 9 "Net-(J10-Pad2)")
  (net 10 "Net-(J10-Pad3)")
  (net 11 "Net-(J10-Pad4)")
  (net 12 "Net-(J10-Pad5)")
  (net 13 "Net-(Q2-Pad1)")
  (net 14 "Net-(Q3-Pad1)")
  (net 15 "Net-(Q4-Pad1)")
  (net 16 "Net-(Q5-Pad1)")
  (net 17 "Net-(R1-Pad2)")
  (net 18 "Net-(R2-Pad2)")
  (net 19 "Net-(R3-Pad2)")
  (net 20 "Net-(R4-Pad1)")
  (net 21 "Net-(R9-Pad2)")
  (net 22 "Net-(R10-Pad1)")
  (net 23 "Net-(U2-Pad14)")
  (net 24 "Net-(U2-Pad15)")
  (net 25 "Net-(U2-Pad7)")
  (net 26 "Net-(U2-Pad17)")
  (net 27 "Net-(U2-Pad18)")
  (net 28 "Net-(U2-Pad19)")
  (net 29 "Net-(U2-Pad10)")
  (net 30 "Net-(C6-Pad1)")
  (net 31 "Net-(C5-Pad1)")
  (net 32 "Net-(D1-Pad1)")
  (net 33 "Net-(J20-Pad1)")
  (net 34 "Net-(Q20-Pad1)")
  (net 35 "Net-(R20-Pad2)")

  (net_class Default "This is the default net class."
    (clearance 0.2)
    (trace_width 0.25)
    (via_dia 0.8)
    (via_drill 0.4)
    (uvia_dia 0.3)
    (uvia_drill 0.1)
    (add_net GND)
    (add_net "Net-(C1-Pad2)")
    (add_net "Net-(C3-Pad1)")
    (add_net "Net-(C5-Pad1)")
    (add_net "Net-(C6-Pad1)")
    (add_net "Net-(D1-Pad1)")
    (add_net "Net-(J10-Pad1)")
    (add_net "Net-(J10-Pad2)")
    (add_net "Net-(J10-Pad3)")
    (add_net "Net-(J10-Pad4)")
    (add_net "Net-(J10-Pad5)")
    (add_net "Net-(J2-Pad2)")
    (add_net "Net-(J20-Pad1)")
    (add_net "Net-(J4-Pad2)")
    (add_net "Net-(J5-Pad2)")
    (add_net "Net-(J6-Pad2)")
    (add_net "Net-(Q2-Pad1)")
    (add_net "Net-(Q20-Pad1)")
    (add_net "Net-(Q3-Pad1)")
    (add_net "Net-(Q4-Pad1)")
    (add_net "Net-(Q5-Pad1)")
    (add_net "Net-(R1-Pad2)")
    (add_net "Net-(R10-Pad1)")
    (add_net "Net-(R2-Pad2)")
    (add_net "Net-(R20-Pad2)")
    (add_net "Net-(R3-Pad2)")
    (add_net "Net-(R4-Pad1)")
    (add_net "Net-(R9-Pad2)")
    (add_net "Net-(U2-Pad10)")
    (add_net "Net-(U2-Pad14)")
    (add_net "Net-(U2-Pad15)")
    (add_net "Net-(U2-Pad17)")
    (add_net "Net-(U2-Pad18)")
    (add_net "Net-(U2-Pad19)")
    (add_net "Net-(U2-Pad7)")
  )

  (module Resistor_THT:R_Axial_DIN0309_L9.0mm_D3.2mm_P12.70mm_Horizontal (layer F.Cu) (tedit 5AE5139B) (tstamp 61AB9708)
    (at 119.38 142.24)
    (descr "Resistor, Axial_DIN0309 series, Axial, Horizontal, pin pitch=12.7mm, 0.5W = 1/2W, length*diameter=9*3.2mm^2, http://cdn-reichelt.de/documents/datenblatt/B400/1_4W%23YAG.pdf")
    (tags "Resistor Axial_DIN0309 series Axial Horizontal pin pitch 12.7mm 0.5W = 1/2W length 9mm diameter 3.2mm")
    (path /61B57B9C)
    (fp_text reference R1 (at 6.35 -2.72) (layer F.SilkS)
      (effects (font (size 1 1) (thickness 0.15)))
    )
    (fp_text value 1k (at 6.35 2.72) (layer F.Fab)
      (effects (font (size 1 1) (thickness 0.15)))
    )
    (fp_line (start 1.85 -1.6) (end 1.85 1.6) (layer F.Fab) (width 0.1))
    (fp_line (start 1.85 1.6) (end 10.85 1.6) (layer F.Fab) (width 0.1))
    (fp_line (start 10.85 1.6) (end 10.85 -1.6) (layer F.Fab) (width 0.1))
    (fp_line (start 10.85 -1.6) (end 1.85 -1.6) (layer F.Fab) (width 0.1))
    (fp_line (start 0 0) (end 1.85 0) (layer F.Fab) (width 0.1))
    (fp_line (start 12.7 0) (end 10.85 0) (layer F.Fab) (width 0.1))
    (fp_line (start 1.73 -1.72) (end 1.73 1.72) (layer F.SilkS) (width 0.12))
    (fp_line (start 1.73 1.72) (end 10.97 1.72) (layer F.SilkS) (width 0.12))
    (fp_line (start 10.97 1.72) (end 10.97 -1.72) (layer F.SilkS) (width 0.12))
    (fp_line (start 10.97 -1.72) (end 1.73 -1.72) (layer F.SilkS) (width 0.12))
    (fp_line (start 1.04 0) (end 1.73 0) (layer F.SilkS) (width 0.12))
    (fp_line (start 11.66 0) (end 10.97 0) (layer F.SilkS) (width 0.12))
    (fp_line (start -1.05 -1.85) (end -1.05 1.85) (layer F.CrtYd) (width 0.05))
    (fp_line (start -1.05 1.85) (end 13.75 1.85) (layer F.CrtYd) (width 0.05))
    (fp_line (start 13.75 1.85) (end 13.75 -1.85) (layer F.CrtYd) (width 0.05))
    (fp_line (start 13.75 -1.85) (end -1.05 -1.85) (layer F.CrtYd) (width 0.05))
    (fp_text user %R (at 6.35 0) (layer F.Fab)
      (effects (font (size 1 1) (thickness 0.15)))
    )
    (pad 1 thru_hole circle (at 0 0) (size 1.6 1.6) (drill 0.8) (layers *.Cu *.Mask)
      (net 13 "Net-(Q2-Pad1)"))
    (pad 2 thru_hole oval (at 12.7 0) (size 1.6 1.6) (drill 0.8) (layers *.Cu *.Mask)
      (net 17 "Net-(R1-Pad2)"))
    (model ${KISYS3DMOD}/Resistor_THT.3dshapes/R_Axial_DIN0309_L9.0mm_D3.2mm_P12.70mm_Horizontal.wrl
      (at (xyz 0 0 0))
      (scale (xyz 1 1 1))
      (rotate (xyz 0 0 0))
    )
  )

  (module Resistor_THT:R_Axial_DIN0309_L9.0mm_D3.2mm_P12.70mm_Horizontal (layer F.Cu) (tedit 5AE5139B) (tstamp 61AB9736)
    (at 176.53 138.43 180)
    (descr "Resistor, Axial_DIN0309 series, Axial, Horizontal, pin pitch=12.7mm, 0.5W = 1/2W, length*diameter=9*3.2mm^2, http://cdn-reichelt.de/documents/datenblatt/B400/1_4W%23YAG.pdf")
    (tags "Resistor Axial_DIN0309 series Axial Horizontal pin pitch 12.7mm 0.5W = 1/2W length 9mm diameter 3.2mm")
    (path /61B5958F)
    (fp_text reference R3 (at 6.35 -2.72) (layer F.SilkS)
      (effects (font (size 1 1) (thickness 0.15)))
    )
    (fp_text value 1k (at 6.35 2.72) (layer F.Fab)
      (effects (font (size 1 1) (thickness 0.15)))
    )
    (fp_line (start 13.75 -1.85) (end -1.05 -1.85) (layer F.CrtYd) (width 0.05))
    (fp_line (start 13.75 1.85) (end 13.75 -1.85) (layer F.CrtYd) (width 0.05))
    (fp_line (start -1.05 1.85) (end 13.75 1.85) (layer F.CrtYd) (width 0.05))
    (fp_line (start -1.05 -1.85) (end -1.05 1.85) (layer F.CrtYd) (width 0.05))
    (fp_line (start 11.66 0) (end 10.97 0) (layer F.SilkS) (width 0.12))
    (fp_line (start 1.04 0) (end 1.73 0) (layer F.SilkS) (width 0.12))
    (fp_line (start 10.97 -1.72) (end 1.73 -1.72) (layer F.SilkS) (width 0.12))
    (fp_line (start 10.97 1.72) (end 10.97 -1.72) (layer F.SilkS) (width 0.12))
    (fp_line (start 1.73 1.72) (end 10.97 1.72) (layer F.SilkS) (width 0.12))
    (fp_line (start 1.73 -1.72) (end 1.73 1.72) (layer F.SilkS) (width 0.12))
    (fp_line (start 12.7 0) (end 10.85 0) (layer F.Fab) (width 0.1))
    (fp_line (start 0 0) (end 1.85 0) (layer F.Fab) (width 0.1))
    (fp_line (start 10.85 -1.6) (end 1.85 -1.6) (layer F.Fab) (width 0.1))
    (fp_line (start 10.85 1.6) (end 10.85 -1.6) (layer F.Fab) (width 0.1))
    (fp_line (start 1.85 1.6) (end 10.85 1.6) (layer F.Fab) (width 0.1))
    (fp_line (start 1.85 -1.6) (end 1.85 1.6) (layer F.Fab) (width 0.1))
    (fp_text user %R (at 6.35 0) (layer F.Fab)
      (effects (font (size 1 1) (thickness 0.15)))
    )
    (pad 2 thru_hole oval (at 12.7 0 180) (size 1.6 1.6) (drill 0.8) (layers *.Cu *.Mask)
      (net 19 "Net-(R3-Pad2)"))
    (pad 1 thru_hole circle (at 0 0 180) (size 1.6 1.6) (drill 0.8) (layers *.Cu *.Mask)
      (net 15 "Net-(Q4-Pad1)"))
    (model ${KISYS3DMOD}/Resistor_THT.3dshapes/R_Axial_DIN0309_L9.0mm_D3.2mm_P12.70mm_Horizontal.wrl
      (at (xyz 0 0 0))
      (scale (xyz 1 1 1))
      (rotate (xyz 0 0 0))
    )
  )

  (module TerminalBlock_Phoenix:TerminalBlock_Phoenix_MKDS-1,5-2_1x02_P5.00mm_Horizontal (layer F.Cu) (tedit 5B294EE5) (tstamp 61AB9614)
    (at 194.31 146.05 90)
    (descr "Terminal Block Phoenix MKDS-1,5-2, 2 pins, pitch 5mm, size 10x9.8mm^2, drill diamater 1.3mm, pad diameter 2.6mm, see http://www.farnell.com/datasheets/100425.pdf, script-generated using https://github.com/pointhi/kicad-footprint-generator/scripts/TerminalBlock_Phoenix")
    (tags "THT Terminal Block Phoenix MKDS-1,5-2 pitch 5mm size 10x9.8mm^2 drill 1.3mm pad 2.6mm")
    (path /61B970BE)
    (fp_text reference J5 (at 2.5 -6.26 90) (layer F.SilkS)
      (effects (font (size 1 1) (thickness 0.15)))
    )
    (fp_text value "12V FAN" (at 2.5 5.66 90) (layer F.Fab)
      (effects (font (size 1 1) (thickness 0.15)))
    )
    (fp_circle (center 0 0) (end 1.5 0) (layer F.Fab) (width 0.1))
    (fp_circle (center 5 0) (end 6.5 0) (layer F.Fab) (width 0.1))
    (fp_circle (center 5 0) (end 6.68 0) (layer F.SilkS) (width 0.12))
    (fp_line (start -2.5 -5.2) (end 7.5 -5.2) (layer F.Fab) (width 0.1))
    (fp_line (start 7.5 -5.2) (end 7.5 4.6) (layer F.Fab) (width 0.1))
    (fp_line (start 7.5 4.6) (end -2 4.6) (layer F.Fab) (width 0.1))
    (fp_line (start -2 4.6) (end -2.5 4.1) (layer F.Fab) (width 0.1))
    (fp_line (start -2.5 4.1) (end -2.5 -5.2) (layer F.Fab) (width 0.1))
    (fp_line (start -2.5 4.1) (end 7.5 4.1) (layer F.Fab) (width 0.1))
    (fp_line (start -2.56 4.1) (end 7.56 4.1) (layer F.SilkS) (width 0.12))
    (fp_line (start -2.5 2.6) (end 7.5 2.6) (layer F.Fab) (width 0.1))
    (fp_line (start -2.56 2.6) (end 7.56 2.6) (layer F.SilkS) (width 0.12))
    (fp_line (start -2.5 -2.3) (end 7.5 -2.3) (layer F.Fab) (width 0.1))
    (fp_line (start -2.56 -2.301) (end 7.56 -2.301) (layer F.SilkS) (width 0.12))
    (fp_line (start -2.56 -5.261) (end 7.56 -5.261) (layer F.SilkS) (width 0.12))
    (fp_line (start -2.56 4.66) (end 7.56 4.66) (layer F.SilkS) (width 0.12))
    (fp_line (start -2.56 -5.261) (end -2.56 4.66) (layer F.SilkS) (width 0.12))
    (fp_line (start 7.56 -5.261) (end 7.56 4.66) (layer F.SilkS) (width 0.12))
    (fp_line (start 1.138 -0.955) (end -0.955 1.138) (layer F.Fab) (width 0.1))
    (fp_line (start 0.955 -1.138) (end -1.138 0.955) (layer F.Fab) (width 0.1))
    (fp_line (start 6.138 -0.955) (end 4.046 1.138) (layer F.Fab) (width 0.1))
    (fp_line (start 5.955 -1.138) (end 3.863 0.955) (layer F.Fab) (width 0.1))
    (fp_line (start 6.275 -1.069) (end 6.228 -1.023) (layer F.SilkS) (width 0.12))
    (fp_line (start 3.966 1.239) (end 3.931 1.274) (layer F.SilkS) (width 0.12))
    (fp_line (start 6.07 -1.275) (end 6.035 -1.239) (layer F.SilkS) (width 0.12))
    (fp_line (start 3.773 1.023) (end 3.726 1.069) (layer F.SilkS) (width 0.12))
    (fp_line (start -2.8 4.16) (end -2.8 4.9) (layer F.SilkS) (width 0.12))
    (fp_line (start -2.8 4.9) (end -2.3 4.9) (layer F.SilkS) (width 0.12))
    (fp_line (start -3 -5.71) (end -3 5.1) (layer F.CrtYd) (width 0.05))
    (fp_line (start -3 5.1) (end 8 5.1) (layer F.CrtYd) (width 0.05))
    (fp_line (start 8 5.1) (end 8 -5.71) (layer F.CrtYd) (width 0.05))
    (fp_line (start 8 -5.71) (end -3 -5.71) (layer F.CrtYd) (width 0.05))
    (fp_arc (start 0 0) (end 0 1.68) (angle -24) (layer F.SilkS) (width 0.12))
    (fp_arc (start 0 0) (end 1.535 0.684) (angle -48) (layer F.SilkS) (width 0.12))
    (fp_arc (start 0 0) (end 0.684 -1.535) (angle -48) (layer F.SilkS) (width 0.12))
    (fp_arc (start 0 0) (end -1.535 -0.684) (angle -48) (layer F.SilkS) (width 0.12))
    (fp_arc (start 0 0) (end -0.684 1.535) (angle -25) (layer F.SilkS) (width 0.12))
    (fp_text user %R (at 2.5 3.2 90) (layer F.Fab)
      (effects (font (size 1 1) (thickness 0.15)))
    )
    (pad 1 thru_hole rect (at 0 0 90) (size 2.6 2.6) (drill 1.3) (layers *.Cu *.Mask)
      (net 32 "Net-(D1-Pad1)"))
    (pad 2 thru_hole circle (at 5 0 90) (size 2.6 2.6) (drill 1.3) (layers *.Cu *.Mask)
      (net 6 "Net-(J5-Pad2)"))
    (model ${KISYS3DMOD}/TerminalBlock_Phoenix.3dshapes/TerminalBlock_Phoenix_MKDS-1,5-2_1x02_P5.00mm_Horizontal.wrl
      (at (xyz 0 0 0))
      (scale (xyz 1 1 1))
      (rotate (xyz 0 0 0))
    )
  )

  (module Package_TO_SOT_THT:TO-220-3_Vertical (layer F.Cu) (tedit 5AC8BA0D) (tstamp 61AB96D7)
    (at 181.61 138.43 270)
    (descr "TO-220-3, Vertical, RM 2.54mm, see https://www.vishay.com/docs/66542/to-220-1.pdf")
    (tags "TO-220-3 Vertical RM 2.54mm")
    (path /61B4E139)
    (fp_text reference Q4 (at 2.54 -4.27 90) (layer F.SilkS)
      (effects (font (size 1 1) (thickness 0.15)))
    )
    (fp_text value TIP41 (at 2.54 2.5 90) (layer F.Fab)
      (effects (font (size 1 1) (thickness 0.15)))
    )
    (fp_line (start 7.79 -3.4) (end -2.71 -3.4) (layer F.CrtYd) (width 0.05))
    (fp_line (start 7.79 1.51) (end 7.79 -3.4) (layer F.CrtYd) (width 0.05))
    (fp_line (start -2.71 1.51) (end 7.79 1.51) (layer F.CrtYd) (width 0.05))
    (fp_line (start -2.71 -3.4) (end -2.71 1.51) (layer F.CrtYd) (width 0.05))
    (fp_line (start 4.391 -3.27) (end 4.391 -1.76) (layer F.SilkS) (width 0.12))
    (fp_line (start 0.69 -3.27) (end 0.69 -1.76) (layer F.SilkS) (width 0.12))
    (fp_line (start -2.58 -1.76) (end 7.66 -1.76) (layer F.SilkS) (width 0.12))
    (fp_line (start 7.66 -3.27) (end 7.66 1.371) (layer F.SilkS) (width 0.12))
    (fp_line (start -2.58 -3.27) (end -2.58 1.371) (layer F.SilkS) (width 0.12))
    (fp_line (start -2.58 1.371) (end 7.66 1.371) (layer F.SilkS) (width 0.12))
    (fp_line (start -2.58 -3.27) (end 7.66 -3.27) (layer F.SilkS) (width 0.12))
    (fp_line (start 4.39 -3.15) (end 4.39 -1.88) (layer F.Fab) (width 0.1))
    (fp_line (start 0.69 -3.15) (end 0.69 -1.88) (layer F.Fab) (width 0.1))
    (fp_line (start -2.46 -1.88) (end 7.54 -1.88) (layer F.Fab) (width 0.1))
    (fp_line (start 7.54 -3.15) (end -2.46 -3.15) (layer F.Fab) (width 0.1))
    (fp_line (start 7.54 1.25) (end 7.54 -3.15) (layer F.Fab) (width 0.1))
    (fp_line (start -2.46 1.25) (end 7.54 1.25) (layer F.Fab) (width 0.1))
    (fp_line (start -2.46 -3.15) (end -2.46 1.25) (layer F.Fab) (width 0.1))
    (fp_text user %R (at 2.54 -4.27 90) (layer F.Fab)
      (effects (font (size 1 1) (thickness 0.15)))
    )
    (pad 3 thru_hole oval (at 5.08 0 270) (size 1.905 2) (drill 1.1) (layers *.Cu *.Mask)
      (net 1 GND))
    (pad 2 thru_hole oval (at 2.54 0 270) (size 1.905 2) (drill 1.1) (layers *.Cu *.Mask)
      (net 6 "Net-(J5-Pad2)"))
    (pad 1 thru_hole rect (at 0 0 270) (size 1.905 2) (drill 1.1) (layers *.Cu *.Mask)
      (net 15 "Net-(Q4-Pad1)"))
    (model ${KISYS3DMOD}/Package_TO_SOT_THT.3dshapes/TO-220-3_Vertical.wrl
      (at (xyz 0 0 0))
      (scale (xyz 1 1 1))
      (rotate (xyz 0 0 0))
    )
  )

  (module Capacitor_THT:CP_Radial_Tantal_D9.0mm_P5.00mm (layer F.Cu) (tedit 5AE50EF0) (tstamp 61AB94D7)
    (at 125.73 80.01 270)
    (descr "CP, Radial_Tantal series, Radial, pin pitch=5.00mm, , diameter=9.0mm, Tantal Electrolytic Capacitor, http://cdn-reichelt.de/documents/datenblatt/B300/TANTAL-TB-Serie%23.pdf")
    (tags "CP Radial_Tantal series Radial pin pitch 5.00mm  diameter 9.0mm Tantal Electrolytic Capacitor")
    (path /61A6B29C)
    (fp_text reference C2 (at 2.5 -5.75 90) (layer F.SilkS)
      (effects (font (size 1 1) (thickness 0.15)))
    )
    (fp_text value 470uF (at 2.5 5.75 90) (layer F.Fab)
      (effects (font (size 1 1) (thickness 0.15)))
    )
    (fp_circle (center 2.5 0) (end 7 0) (layer F.Fab) (width 0.1))
    (fp_circle (center 2.5 0) (end 7.12 0) (layer F.SilkS) (width 0.12))
    (fp_circle (center 2.5 0) (end 7.25 0) (layer F.CrtYd) (width 0.05))
    (fp_line (start -1.35781 -1.9675) (end -0.45781 -1.9675) (layer F.Fab) (width 0.1))
    (fp_line (start -0.90781 -2.4175) (end -0.90781 -1.5175) (layer F.Fab) (width 0.1))
    (fp_line (start -2.444672 -2.595) (end -1.544672 -2.595) (layer F.SilkS) (width 0.12))
    (fp_line (start -1.994672 -3.045) (end -1.994672 -2.145) (layer F.SilkS) (width 0.12))
    (fp_text user %R (at 2.5 0 90) (layer F.Fab)
      (effects (font (size 1 1) (thickness 0.15)))
    )
    (pad 1 thru_hole rect (at 0 0 270) (size 1.6 1.6) (drill 0.8) (layers *.Cu *.Mask)
      (net 2 "Net-(C1-Pad2)"))
    (pad 2 thru_hole circle (at 5 0 270) (size 1.6 1.6) (drill 0.8) (layers *.Cu *.Mask)
      (net 1 GND))
    (model ${KISYS3DMOD}/Capacitor_THT.3dshapes/CP_Radial_Tantal_D9.0mm_P5.00mm.wrl
      (at (xyz 0 0 0))
      (scale (xyz 1 1 1))
      (rotate (xyz 0 0 0))
    )
  )

  (module Capacitor_THT:CP_Radial_Tantal_D5.5mm_P5.00mm (layer F.Cu) (tedit 5AE50EF0) (tstamp 61AB94E6)
    (at 140.97 80.01 270)
    (descr "CP, Radial_Tantal series, Radial, pin pitch=5.00mm, , diameter=5.5mm, Tantal Electrolytic Capacitor, http://cdn-reichelt.de/documents/datenblatt/B300/TANTAL-TB-Serie%23.pdf")
    (tags "CP Radial_Tantal series Radial pin pitch 5.00mm  diameter 5.5mm Tantal Electrolytic Capacitor")
    (path /61A6A376)
    (fp_text reference C3 (at 2.5 -4 90) (layer F.SilkS)
      (effects (font (size 1 1) (thickness 0.15)))
    )
    (fp_text value 1uF (at 2.5 4 90) (layer F.Fab)
      (effects (font (size 1 1) (thickness 0.15)))
    )
    (fp_line (start -0.297262 -1.89) (end -0.297262 -1.34) (layer F.SilkS) (width 0.12))
    (fp_line (start -0.572262 -1.615) (end -0.022262 -1.615) (layer F.SilkS) (width 0.12))
    (fp_line (start 0.425869 -1.4725) (end 0.425869 -0.9225) (layer F.Fab) (width 0.1))
    (fp_line (start 0.150869 -1.1975) (end 0.700869 -1.1975) (layer F.Fab) (width 0.1))
    (fp_circle (center 2.5 0) (end 6.22 0) (layer F.CrtYd) (width 0.05))
    (fp_circle (center 2.5 0) (end 5.25 0) (layer F.Fab) (width 0.1))
    (fp_text user %R (at 2.5 0 90) (layer F.Fab)
      (effects (font (size 1 1) (thickness 0.15)))
    )
    (fp_arc (start 2.5 0) (end -0.167077 1.06) (angle -136.650411) (layer F.SilkS) (width 0.12))
    (fp_arc (start 2.5 0) (end -0.167077 -1.06) (angle 136.650411) (layer F.SilkS) (width 0.12))
    (pad 2 thru_hole circle (at 5 0 270) (size 1.6 1.6) (drill 0.8) (layers *.Cu *.Mask)
      (net 1 GND))
    (pad 1 thru_hole rect (at 0 0 270) (size 1.6 1.6) (drill 0.8) (layers *.Cu *.Mask)
      (net 3 "Net-(C3-Pad1)"))
    (model ${KISYS3DMOD}/Capacitor_THT.3dshapes/CP_Radial_Tantal_D5.5mm_P5.00mm.wrl
      (at (xyz 0 0 0))
      (scale (xyz 1 1 1))
      (rotate (xyz 0 0 0))
    )
  )

  (module Capacitor_THT:CP_Radial_Tantal_D5.5mm_P5.00mm (layer F.Cu) (tedit 5AE50EF0) (tstamp 61AB9512)
    (at 189.23 100.33)
    (descr "CP, Radial_Tantal series, Radial, pin pitch=5.00mm, , diameter=5.5mm, Tantal Electrolytic Capacitor, http://cdn-reichelt.de/documents/datenblatt/B300/TANTAL-TB-Serie%23.pdf")
    (tags "CP Radial_Tantal series Radial pin pitch 5.00mm  diameter 5.5mm Tantal Electrolytic Capacitor")
    (path /61A7CC8C)
    (fp_text reference C6 (at 2.5 -4) (layer F.SilkS)
      (effects (font (size 1 1) (thickness 0.15)))
    )
    (fp_text value 10uF (at 2.5 4) (layer F.Fab)
      (effects (font (size 1 1) (thickness 0.15)))
    )
    (fp_line (start -0.297262 -1.89) (end -0.297262 -1.34) (layer F.SilkS) (width 0.12))
    (fp_line (start -0.572262 -1.615) (end -0.022262 -1.615) (layer F.SilkS) (width 0.12))
    (fp_line (start 0.425869 -1.4725) (end 0.425869 -0.9225) (layer F.Fab) (width 0.1))
    (fp_line (start 0.150869 -1.1975) (end 0.700869 -1.1975) (layer F.Fab) (width 0.1))
    (fp_circle (center 2.5 0) (end 6.22 0) (layer F.CrtYd) (width 0.05))
    (fp_circle (center 2.5 0) (end 5.25 0) (layer F.Fab) (width 0.1))
    (fp_text user %R (at 2.5 0) (layer F.Fab)
      (effects (font (size 1 1) (thickness 0.15)))
    )
    (fp_arc (start 2.5 0) (end -0.167077 1.06) (angle -136.650411) (layer F.SilkS) (width 0.12))
    (fp_arc (start 2.5 0) (end -0.167077 -1.06) (angle 136.650411) (layer F.SilkS) (width 0.12))
    (pad 2 thru_hole circle (at 5 0) (size 1.6 1.6) (drill 0.8) (layers *.Cu *.Mask)
      (net 1 GND))
    (pad 1 thru_hole rect (at 0 0) (size 1.6 1.6) (drill 0.8) (layers *.Cu *.Mask)
      (net 30 "Net-(C6-Pad1)"))
    (model ${KISYS3DMOD}/Capacitor_THT.3dshapes/CP_Radial_Tantal_D5.5mm_P5.00mm.wrl
      (at (xyz 0 0 0))
      (scale (xyz 1 1 1))
      (rotate (xyz 0 0 0))
    )
  )

  (module Diode_THT:D_DO-41_SOD81_P7.62mm_Horizontal (layer F.Cu) (tedit 5AE50CD5) (tstamp 61AB954D)
    (at 109.22 67.31 270)
    (descr "Diode, DO-41_SOD81 series, Axial, Horizontal, pin pitch=7.62mm, , length*diameter=5.2*2.7mm^2, , http://www.diodes.com/_files/packages/DO-41%20(Plastic).pdf")
    (tags "Diode DO-41_SOD81 series Axial Horizontal pin pitch 7.62mm  length 5.2mm diameter 2.7mm")
    (path /61A71688)
    (fp_text reference D1 (at 3.81 -2.47 90) (layer F.SilkS)
      (effects (font (size 1 1) (thickness 0.15)))
    )
    (fp_text value 1N4007 (at 3.81 2.47 90) (layer F.Fab)
      (effects (font (size 1 1) (thickness 0.15)))
    )
    (fp_line (start 1.21 -1.35) (end 1.21 1.35) (layer F.Fab) (width 0.1))
    (fp_line (start 1.21 1.35) (end 6.41 1.35) (layer F.Fab) (width 0.1))
    (fp_line (start 6.41 1.35) (end 6.41 -1.35) (layer F.Fab) (width 0.1))
    (fp_line (start 6.41 -1.35) (end 1.21 -1.35) (layer F.Fab) (width 0.1))
    (fp_line (start 0 0) (end 1.21 0) (layer F.Fab) (width 0.1))
    (fp_line (start 7.62 0) (end 6.41 0) (layer F.Fab) (width 0.1))
    (fp_line (start 1.99 -1.35) (end 1.99 1.35) (layer F.Fab) (width 0.1))
    (fp_line (start 2.09 -1.35) (end 2.09 1.35) (layer F.Fab) (width 0.1))
    (fp_line (start 1.89 -1.35) (end 1.89 1.35) (layer F.Fab) (width 0.1))
    (fp_line (start 1.09 -1.34) (end 1.09 -1.47) (layer F.SilkS) (width 0.12))
    (fp_line (start 1.09 -1.47) (end 6.53 -1.47) (layer F.SilkS) (width 0.12))
    (fp_line (start 6.53 -1.47) (end 6.53 -1.34) (layer F.SilkS) (width 0.12))
    (fp_line (start 1.09 1.34) (end 1.09 1.47) (layer F.SilkS) (width 0.12))
    (fp_line (start 1.09 1.47) (end 6.53 1.47) (layer F.SilkS) (width 0.12))
    (fp_line (start 6.53 1.47) (end 6.53 1.34) (layer F.SilkS) (width 0.12))
    (fp_line (start 1.99 -1.47) (end 1.99 1.47) (layer F.SilkS) (width 0.12))
    (fp_line (start 2.11 -1.47) (end 2.11 1.47) (layer F.SilkS) (width 0.12))
    (fp_line (start 1.87 -1.47) (end 1.87 1.47) (layer F.SilkS) (width 0.12))
    (fp_line (start -1.35 -1.6) (end -1.35 1.6) (layer F.CrtYd) (width 0.05))
    (fp_line (start -1.35 1.6) (end 8.97 1.6) (layer F.CrtYd) (width 0.05))
    (fp_line (start 8.97 1.6) (end 8.97 -1.6) (layer F.CrtYd) (width 0.05))
    (fp_line (start 8.97 -1.6) (end -1.35 -1.6) (layer F.CrtYd) (width 0.05))
    (fp_text user %R (at 4.2 0 90) (layer F.Fab)
      (effects (font (size 1 1) (thickness 0.15)))
    )
    (fp_text user K (at 0 -2.1 90) (layer F.Fab)
      (effects (font (size 1 1) (thickness 0.15)))
    )
    (fp_text user K (at 0 -2.1 90) (layer F.SilkS)
      (effects (font (size 1 1) (thickness 0.15)))
    )
    (pad 1 thru_hole rect (at 0 0 270) (size 2.2 2.2) (drill 1.1) (layers *.Cu *.Mask)
      (net 32 "Net-(D1-Pad1)"))
    (pad 2 thru_hole oval (at 7.62 0 270) (size 2.2 2.2) (drill 1.1) (layers *.Cu *.Mask)
      (net 2 "Net-(C1-Pad2)"))
    (model ${KISYS3DMOD}/Diode_THT.3dshapes/D_DO-41_SOD81_P7.62mm_Horizontal.wrl
      (at (xyz 0 0 0))
      (scale (xyz 1 1 1))
      (rotate (xyz 0 0 0))
    )
  )

  (module TerminalBlock_Phoenix:TerminalBlock_Phoenix_MKDS-1,5-2_1x02_P5.00mm_Horizontal (layer F.Cu) (tedit 5B294EE5) (tstamp 61AB9579)
    (at 99.06 67.31 270)
    (descr "Terminal Block Phoenix MKDS-1,5-2, 2 pins, pitch 5mm, size 10x9.8mm^2, drill diamater 1.3mm, pad diameter 2.6mm, see http://www.farnell.com/datasheets/100425.pdf, script-generated using https://github.com/pointhi/kicad-footprint-generator/scripts/TerminalBlock_Phoenix")
    (tags "THT Terminal Block Phoenix MKDS-1,5-2 pitch 5mm size 10x9.8mm^2 drill 1.3mm pad 2.6mm")
    (path /61AAA2AA)
    (fp_text reference J1 (at 2.5 -6.26 90) (layer F.SilkS)
      (effects (font (size 1 1) (thickness 0.15)))
    )
    (fp_text value "12V 10 AMPER" (at 2.5 5.66 90) (layer F.Fab)
      (effects (font (size 1 1) (thickness 0.15)))
    )
    (fp_line (start 8 -5.71) (end -3 -5.71) (layer F.CrtYd) (width 0.05))
    (fp_line (start 8 5.1) (end 8 -5.71) (layer F.CrtYd) (width 0.05))
    (fp_line (start -3 5.1) (end 8 5.1) (layer F.CrtYd) (width 0.05))
    (fp_line (start -3 -5.71) (end -3 5.1) (layer F.CrtYd) (width 0.05))
    (fp_line (start -2.8 4.9) (end -2.3 4.9) (layer F.SilkS) (width 0.12))
    (fp_line (start -2.8 4.16) (end -2.8 4.9) (layer F.SilkS) (width 0.12))
    (fp_line (start 3.773 1.023) (end 3.726 1.069) (layer F.SilkS) (width 0.12))
    (fp_line (start 6.07 -1.275) (end 6.035 -1.239) (layer F.SilkS) (width 0.12))
    (fp_line (start 3.966 1.239) (end 3.931 1.274) (layer F.SilkS) (width 0.12))
    (fp_line (start 6.275 -1.069) (end 6.228 -1.023) (layer F.SilkS) (width 0.12))
    (fp_line (start 5.955 -1.138) (end 3.863 0.955) (layer F.Fab) (width 0.1))
    (fp_line (start 6.138 -0.955) (end 4.046 1.138) (layer F.Fab) (width 0.1))
    (fp_line (start 0.955 -1.138) (end -1.138 0.955) (layer F.Fab) (width 0.1))
    (fp_line (start 1.138 -0.955) (end -0.955 1.138) (layer F.Fab) (width 0.1))
    (fp_line (start 7.56 -5.261) (end 7.56 4.66) (layer F.SilkS) (width 0.12))
    (fp_line (start -2.56 -5.261) (end -2.56 4.66) (layer F.SilkS) (width 0.12))
    (fp_line (start -2.56 4.66) (end 7.56 4.66) (layer F.SilkS) (width 0.12))
    (fp_line (start -2.56 -5.261) (end 7.56 -5.261) (layer F.SilkS) (width 0.12))
    (fp_line (start -2.56 -2.301) (end 7.56 -2.301) (layer F.SilkS) (width 0.12))
    (fp_line (start -2.5 -2.3) (end 7.5 -2.3) (layer F.Fab) (width 0.1))
    (fp_line (start -2.56 2.6) (end 7.56 2.6) (layer F.SilkS) (width 0.12))
    (fp_line (start -2.5 2.6) (end 7.5 2.6) (layer F.Fab) (width 0.1))
    (fp_line (start -2.56 4.1) (end 7.56 4.1) (layer F.SilkS) (width 0.12))
    (fp_line (start -2.5 4.1) (end 7.5 4.1) (layer F.Fab) (width 0.1))
    (fp_line (start -2.5 4.1) (end -2.5 -5.2) (layer F.Fab) (width 0.1))
    (fp_line (start -2 4.6) (end -2.5 4.1) (layer F.Fab) (width 0.1))
    (fp_line (start 7.5 4.6) (end -2 4.6) (layer F.Fab) (width 0.1))
    (fp_line (start 7.5 -5.2) (end 7.5 4.6) (layer F.Fab) (width 0.1))
    (fp_line (start -2.5 -5.2) (end 7.5 -5.2) (layer F.Fab) (width 0.1))
    (fp_circle (center 5 0) (end 6.68 0) (layer F.SilkS) (width 0.12))
    (fp_circle (center 5 0) (end 6.5 0) (layer F.Fab) (width 0.1))
    (fp_circle (center 0 0) (end 1.5 0) (layer F.Fab) (width 0.1))
    (fp_text user %R (at 2.5 3.2 90) (layer F.Fab)
      (effects (font (size 1 1) (thickness 0.15)))
    )
    (fp_arc (start 0 0) (end -0.684 1.535) (angle -25) (layer F.SilkS) (width 0.12))
    (fp_arc (start 0 0) (end -1.535 -0.684) (angle -48) (layer F.SilkS) (width 0.12))
    (fp_arc (start 0 0) (end 0.684 -1.535) (angle -48) (layer F.SilkS) (width 0.12))
    (fp_arc (start 0 0) (end 1.535 0.684) (angle -48) (layer F.SilkS) (width 0.12))
    (fp_arc (start 0 0) (end 0 1.68) (angle -24) (layer F.SilkS) (width 0.12))
    (pad 2 thru_hole circle (at 5 0 270) (size 2.6 2.6) (drill 1.3) (layers *.Cu *.Mask)
      (net 1 GND))
    (pad 1 thru_hole rect (at 0 0 270) (size 2.6 2.6) (drill 1.3) (layers *.Cu *.Mask)
      (net 32 "Net-(D1-Pad1)"))
    (model ${KISYS3DMOD}/TerminalBlock_Phoenix.3dshapes/TerminalBlock_Phoenix_MKDS-1,5-2_1x02_P5.00mm_Horizontal.wrl
      (at (xyz 0 0 0))
      (scale (xyz 1 1 1))
      (rotate (xyz 0 0 0))
    )
  )

  (module TerminalBlock_Phoenix:TerminalBlock_Phoenix_MKDS-1,5-2_1x02_P5.00mm_Horizontal (layer F.Cu) (tedit 5B294EE5) (tstamp 61AB95A5)
    (at 99.06 139.7 270)
    (descr "Terminal Block Phoenix MKDS-1,5-2, 2 pins, pitch 5mm, size 10x9.8mm^2, drill diamater 1.3mm, pad diameter 2.6mm, see http://www.farnell.com/datasheets/100425.pdf, script-generated using https://github.com/pointhi/kicad-footprint-generator/scripts/TerminalBlock_Phoenix")
    (tags "THT Terminal Block Phoenix MKDS-1,5-2 pitch 5mm size 10x9.8mm^2 drill 1.3mm pad 2.6mm")
    (path /61ADAB1E)
    (fp_text reference J2 (at 2.5 -6.26 90) (layer F.SilkS)
      (effects (font (size 1 1) (thickness 0.15)))
    )
    (fp_text value "12V AMPÜL" (at 2.5 5.66 90) (layer F.Fab)
      (effects (font (size 1 1) (thickness 0.15)))
    )
    (fp_circle (center 0 0) (end 1.5 0) (layer F.Fab) (width 0.1))
    (fp_circle (center 5 0) (end 6.5 0) (layer F.Fab) (width 0.1))
    (fp_circle (center 5 0) (end 6.68 0) (layer F.SilkS) (width 0.12))
    (fp_line (start -2.5 -5.2) (end 7.5 -5.2) (layer F.Fab) (width 0.1))
    (fp_line (start 7.5 -5.2) (end 7.5 4.6) (layer F.Fab) (width 0.1))
    (fp_line (start 7.5 4.6) (end -2 4.6) (layer F.Fab) (width 0.1))
    (fp_line (start -2 4.6) (end -2.5 4.1) (layer F.Fab) (width 0.1))
    (fp_line (start -2.5 4.1) (end -2.5 -5.2) (layer F.Fab) (width 0.1))
    (fp_line (start -2.5 4.1) (end 7.5 4.1) (layer F.Fab) (width 0.1))
    (fp_line (start -2.56 4.1) (end 7.56 4.1) (layer F.SilkS) (width 0.12))
    (fp_line (start -2.5 2.6) (end 7.5 2.6) (layer F.Fab) (width 0.1))
    (fp_line (start -2.56 2.6) (end 7.56 2.6) (layer F.SilkS) (width 0.12))
    (fp_line (start -2.5 -2.3) (end 7.5 -2.3) (layer F.Fab) (width 0.1))
    (fp_line (start -2.56 -2.301) (end 7.56 -2.301) (layer F.SilkS) (width 0.12))
    (fp_line (start -2.56 -5.261) (end 7.56 -5.261) (layer F.SilkS) (width 0.12))
    (fp_line (start -2.56 4.66) (end 7.56 4.66) (layer F.SilkS) (width 0.12))
    (fp_line (start -2.56 -5.261) (end -2.56 4.66) (layer F.SilkS) (width 0.12))
    (fp_line (start 7.56 -5.261) (end 7.56 4.66) (layer F.SilkS) (width 0.12))
    (fp_line (start 1.138 -0.955) (end -0.955 1.138) (layer F.Fab) (width 0.1))
    (fp_line (start 0.955 -1.138) (end -1.138 0.955) (layer F.Fab) (width 0.1))
    (fp_line (start 6.138 -0.955) (end 4.046 1.138) (layer F.Fab) (width 0.1))
    (fp_line (start 5.955 -1.138) (end 3.863 0.955) (layer F.Fab) (width 0.1))
    (fp_line (start 6.275 -1.069) (end 6.228 -1.023) (layer F.SilkS) (width 0.12))
    (fp_line (start 3.966 1.239) (end 3.931 1.274) (layer F.SilkS) (width 0.12))
    (fp_line (start 6.07 -1.275) (end 6.035 -1.239) (layer F.SilkS) (width 0.12))
    (fp_line (start 3.773 1.023) (end 3.726 1.069) (layer F.SilkS) (width 0.12))
    (fp_line (start -2.8 4.16) (end -2.8 4.9) (layer F.SilkS) (width 0.12))
    (fp_line (start -2.8 4.9) (end -2.3 4.9) (layer F.SilkS) (width 0.12))
    (fp_line (start -3 -5.71) (end -3 5.1) (layer F.CrtYd) (width 0.05))
    (fp_line (start -3 5.1) (end 8 5.1) (layer F.CrtYd) (width 0.05))
    (fp_line (start 8 5.1) (end 8 -5.71) (layer F.CrtYd) (width 0.05))
    (fp_line (start 8 -5.71) (end -3 -5.71) (layer F.CrtYd) (width 0.05))
    (fp_arc (start 0 0) (end 0 1.68) (angle -24) (layer F.SilkS) (width 0.12))
    (fp_arc (start 0 0) (end 1.535 0.684) (angle -48) (layer F.SilkS) (width 0.12))
    (fp_arc (start 0 0) (end 0.684 -1.535) (angle -48) (layer F.SilkS) (width 0.12))
    (fp_arc (start 0 0) (end -1.535 -0.684) (angle -48) (layer F.SilkS) (width 0.12))
    (fp_arc (start 0 0) (end -0.684 1.535) (angle -25) (layer F.SilkS) (width 0.12))
    (fp_text user %R (at 2.5 3.2 90) (layer F.Fab)
      (effects (font (size 1 1) (thickness 0.15)))
    )
    (pad 1 thru_hole rect (at 0 0 270) (size 2.6 2.6) (drill 1.3) (layers *.Cu *.Mask)
      (net 32 "Net-(D1-Pad1)"))
    (pad 2 thru_hole circle (at 5 0 270) (size 2.6 2.6) (drill 1.3) (layers *.Cu *.Mask)
      (net 4 "Net-(J2-Pad2)"))
    (model ${KISYS3DMOD}/TerminalBlock_Phoenix.3dshapes/TerminalBlock_Phoenix_MKDS-1,5-2_1x02_P5.00mm_Horizontal.wrl
      (at (xyz 0 0 0))
      (scale (xyz 1 1 1))
      (rotate (xyz 0 0 0))
    )
  )

  (module TerminalBlock_Phoenix:TerminalBlock_Phoenix_MKDS-1,5-2_1x02_P5.00mm_Horizontal (layer F.Cu) (tedit 5B294EE5) (tstamp 61AB95E8)
    (at 194.31 130.81 90)
    (descr "Terminal Block Phoenix MKDS-1,5-2, 2 pins, pitch 5mm, size 10x9.8mm^2, drill diamater 1.3mm, pad diameter 2.6mm, see http://www.farnell.com/datasheets/100425.pdf, script-generated using https://github.com/pointhi/kicad-footprint-generator/scripts/TerminalBlock_Phoenix")
    (tags "THT Terminal Block Phoenix MKDS-1,5-2 pitch 5mm size 10x9.8mm^2 drill 1.3mm pad 2.6mm")
    (path /61B71374)
    (fp_text reference J4 (at 2.5 -6.26 90) (layer F.SilkS)
      (effects (font (size 1 1) (thickness 0.15)))
    )
    (fp_text value "5V SU POMPASI1" (at 2.5 5.66 90) (layer F.Fab)
      (effects (font (size 1 1) (thickness 0.15)))
    )
    (fp_line (start 8 -5.71) (end -3 -5.71) (layer F.CrtYd) (width 0.05))
    (fp_line (start 8 5.1) (end 8 -5.71) (layer F.CrtYd) (width 0.05))
    (fp_line (start -3 5.1) (end 8 5.1) (layer F.CrtYd) (width 0.05))
    (fp_line (start -3 -5.71) (end -3 5.1) (layer F.CrtYd) (width 0.05))
    (fp_line (start -2.8 4.9) (end -2.3 4.9) (layer F.SilkS) (width 0.12))
    (fp_line (start -2.8 4.16) (end -2.8 4.9) (layer F.SilkS) (width 0.12))
    (fp_line (start 3.773 1.023) (end 3.726 1.069) (layer F.SilkS) (width 0.12))
    (fp_line (start 6.07 -1.275) (end 6.035 -1.239) (layer F.SilkS) (width 0.12))
    (fp_line (start 3.966 1.239) (end 3.931 1.274) (layer F.SilkS) (width 0.12))
    (fp_line (start 6.275 -1.069) (end 6.228 -1.023) (layer F.SilkS) (width 0.12))
    (fp_line (start 5.955 -1.138) (end 3.863 0.955) (layer F.Fab) (width 0.1))
    (fp_line (start 6.138 -0.955) (end 4.046 1.138) (layer F.Fab) (width 0.1))
    (fp_line (start 0.955 -1.138) (end -1.138 0.955) (layer F.Fab) (width 0.1))
    (fp_line (start 1.138 -0.955) (end -0.955 1.138) (layer F.Fab) (width 0.1))
    (fp_line (start 7.56 -5.261) (end 7.56 4.66) (layer F.SilkS) (width 0.12))
    (fp_line (start -2.56 -5.261) (end -2.56 4.66) (layer F.SilkS) (width 0.12))
    (fp_line (start -2.56 4.66) (end 7.56 4.66) (layer F.SilkS) (width 0.12))
    (fp_line (start -2.56 -5.261) (end 7.56 -5.261) (layer F.SilkS) (width 0.12))
    (fp_line (start -2.56 -2.301) (end 7.56 -2.301) (layer F.SilkS) (width 0.12))
    (fp_line (start -2.5 -2.3) (end 7.5 -2.3) (layer F.Fab) (width 0.1))
    (fp_line (start -2.56 2.6) (end 7.56 2.6) (layer F.SilkS) (width 0.12))
    (fp_line (start -2.5 2.6) (end 7.5 2.6) (layer F.Fab) (width 0.1))
    (fp_line (start -2.56 4.1) (end 7.56 4.1) (layer F.SilkS) (width 0.12))
    (fp_line (start -2.5 4.1) (end 7.5 4.1) (layer F.Fab) (width 0.1))
    (fp_line (start -2.5 4.1) (end -2.5 -5.2) (layer F.Fab) (width 0.1))
    (fp_line (start -2 4.6) (end -2.5 4.1) (layer F.Fab) (width 0.1))
    (fp_line (start 7.5 4.6) (end -2 4.6) (layer F.Fab) (width 0.1))
    (fp_line (start 7.5 -5.2) (end 7.5 4.6) (layer F.Fab) (width 0.1))
    (fp_line (start -2.5 -5.2) (end 7.5 -5.2) (layer F.Fab) (width 0.1))
    (fp_circle (center 5 0) (end 6.68 0) (layer F.SilkS) (width 0.12))
    (fp_circle (center 5 0) (end 6.5 0) (layer F.Fab) (width 0.1))
    (fp_circle (center 0 0) (end 1.5 0) (layer F.Fab) (width 0.1))
    (fp_text user %R (at 2.5 3.2 90) (layer F.Fab)
      (effects (font (size 1 1) (thickness 0.15)))
    )
    (fp_arc (start 0 0) (end -0.684 1.535) (angle -25) (layer F.SilkS) (width 0.12))
    (fp_arc (start 0 0) (end -1.535 -0.684) (angle -48) (layer F.SilkS) (width 0.12))
    (fp_arc (start 0 0) (end 0.684 -1.535) (angle -48) (layer F.SilkS) (width 0.12))
    (fp_arc (start 0 0) (end 1.535 0.684) (angle -48) (layer F.SilkS) (width 0.12))
    (fp_arc (start 0 0) (end 0 1.68) (angle -24) (layer F.SilkS) (width 0.12))
    (pad 2 thru_hole circle (at 5 0 90) (size 2.6 2.6) (drill 1.3) (layers *.Cu *.Mask)
      (net 5 "Net-(J4-Pad2)"))
    (pad 1 thru_hole rect (at 0 0 90) (size 2.6 2.6) (drill 1.3) (layers *.Cu *.Mask)
      (net 3 "Net-(C3-Pad1)"))
    (model ${KISYS3DMOD}/TerminalBlock_Phoenix.3dshapes/TerminalBlock_Phoenix_MKDS-1,5-2_1x02_P5.00mm_Horizontal.wrl
      (at (xyz 0 0 0))
      (scale (xyz 1 1 1))
      (rotate (xyz 0 0 0))
    )
  )

  (module TerminalBlock_Phoenix:TerminalBlock_Phoenix_MKDS-1,5-2_1x02_P5.00mm_Horizontal (layer F.Cu) (tedit 5B294EE5) (tstamp 61AB9640)
    (at 194.31 115.57 90)
    (descr "Terminal Block Phoenix MKDS-1,5-2, 2 pins, pitch 5mm, size 10x9.8mm^2, drill diamater 1.3mm, pad diameter 2.6mm, see http://www.farnell.com/datasheets/100425.pdf, script-generated using https://github.com/pointhi/kicad-footprint-generator/scripts/TerminalBlock_Phoenix")
    (tags "THT Terminal Block Phoenix MKDS-1,5-2 pitch 5mm size 10x9.8mm^2 drill 1.3mm pad 2.6mm")
    (path /61AD9FD8)
    (fp_text reference J6 (at 2.5 -6.26 90) (layer F.SilkS)
      (effects (font (size 1 1) (thickness 0.15)))
    )
    (fp_text value "5V SU POMPASI2" (at 2.5 5.66 90) (layer F.Fab)
      (effects (font (size 1 1) (thickness 0.15)))
    )
    (fp_circle (center 0 0) (end 1.5 0) (layer F.Fab) (width 0.1))
    (fp_circle (center 5 0) (end 6.5 0) (layer F.Fab) (width 0.1))
    (fp_circle (center 5 0) (end 6.68 0) (layer F.SilkS) (width 0.12))
    (fp_line (start -2.5 -5.2) (end 7.5 -5.2) (layer F.Fab) (width 0.1))
    (fp_line (start 7.5 -5.2) (end 7.5 4.6) (layer F.Fab) (width 0.1))
    (fp_line (start 7.5 4.6) (end -2 4.6) (layer F.Fab) (width 0.1))
    (fp_line (start -2 4.6) (end -2.5 4.1) (layer F.Fab) (width 0.1))
    (fp_line (start -2.5 4.1) (end -2.5 -5.2) (layer F.Fab) (width 0.1))
    (fp_line (start -2.5 4.1) (end 7.5 4.1) (layer F.Fab) (width 0.1))
    (fp_line (start -2.56 4.1) (end 7.56 4.1) (layer F.SilkS) (width 0.12))
    (fp_line (start -2.5 2.6) (end 7.5 2.6) (layer F.Fab) (width 0.1))
    (fp_line (start -2.56 2.6) (end 7.56 2.6) (layer F.SilkS) (width 0.12))
    (fp_line (start -2.5 -2.3) (end 7.5 -2.3) (layer F.Fab) (width 0.1))
    (fp_line (start -2.56 -2.301) (end 7.56 -2.301) (layer F.SilkS) (width 0.12))
    (fp_line (start -2.56 -5.261) (end 7.56 -5.261) (layer F.SilkS) (width 0.12))
    (fp_line (start -2.56 4.66) (end 7.56 4.66) (layer F.SilkS) (width 0.12))
    (fp_line (start -2.56 -5.261) (end -2.56 4.66) (layer F.SilkS) (width 0.12))
    (fp_line (start 7.56 -5.261) (end 7.56 4.66) (layer F.SilkS) (width 0.12))
    (fp_line (start 1.138 -0.955) (end -0.955 1.138) (layer F.Fab) (width 0.1))
    (fp_line (start 0.955 -1.138) (end -1.138 0.955) (layer F.Fab) (width 0.1))
    (fp_line (start 6.138 -0.955) (end 4.046 1.138) (layer F.Fab) (width 0.1))
    (fp_line (start 5.955 -1.138) (end 3.863 0.955) (layer F.Fab) (width 0.1))
    (fp_line (start 6.275 -1.069) (end 6.228 -1.023) (layer F.SilkS) (width 0.12))
    (fp_line (start 3.966 1.239) (end 3.931 1.274) (layer F.SilkS) (width 0.12))
    (fp_line (start 6.07 -1.275) (end 6.035 -1.239) (layer F.SilkS) (width 0.12))
    (fp_line (start 3.773 1.023) (end 3.726 1.069) (layer F.SilkS) (width 0.12))
    (fp_line (start -2.8 4.16) (end -2.8 4.9) (layer F.SilkS) (width 0.12))
    (fp_line (start -2.8 4.9) (end -2.3 4.9) (layer F.SilkS) (width 0.12))
    (fp_line (start -3 -5.71) (end -3 5.1) (layer F.CrtYd) (width 0.05))
